матрица А:
-3.3		-8.11		3.75		5.31		9.33		6.27		4.6		-1.23		-7.15		9.14		
6.29		-5.17		8.38		9.52		7.11		-3.25		-5.27		-6.29		0.29		3.31		
5.38		-2.49		3.17		4.32		-1.26		-7.34		-7.27		8.17		-2.41		-5.18		
5.16		7.15		0.27		2.35		1.3		-3.14		6.11		-3.18		-5.31		2.29		
-8.59		4.55		-4.22		-4.26		-3.18		-8.13		1.11		2.48		6.19		-1.14		
-6.16		-1.24		6.33		1.18		4.59		2.32		-8.33		9.18		-8.91		-9.68		
0.23		-1.25		8.3		-2.2		5.28		-4.99		5.32		6.22		9.11		1.25		
2.13		-4.12		9.16		7.7		-4.25		-8.24		-6.21		-4.25		-4.18		8.92		
2.11		1.62		2.17		9.22		3.81		2.25		-2.18		5.23		-7.27		-4.46		
6.18		-9.55		-3.61		7.16		1.28		8.76		-4.6		6.2		-4.26		-2.21		

вектор х(тр):
-6		1		7		2		4		5		5		-8		-7		-7		

вектор f(тр):
136.14		45.75		-94.26		49.41		-84.98		127.39		-48.44		-25.81		78.45		-35.97		

матрица А после прямого хода Гаусса:
-8.5900000000000		4.5500000000000		-4.2200000000000		-4.2600000000000		-3.1800000000000		-8.1300000000000		1.1100000000000		2.4800000000000		6.1900000000000		-1.1400000000000		
0.0000000000000		9.8831781140861		-2.2649476135041		-0.2089755529686		-0.6102211874272		-8.0236786961583		6.7767753201397		-1.6902677532014		-1.5916763678696		1.6052037252619		
0.0000000000000		0.0000000000000		8.3242862662183		4.1396899283245		6.5923968950428		4.4944687236812		-6.0384362724023		6.6314589411813		-14.0741108879636		-8.1311461838827		
0.0000000000000		0.0000000000000		0.0000000000000		7.9828841856568		5.0071006819276		2.1802944493628		-5.3621300450430		13.3511658063703		-14.4861022704865		-9.9076152209897		
0.0000000000000		0.0000000000000		0.0000000000000		0.0000000000000		-12.9162828805640		-17.4836937362587		3.4437575313536		-14.8916817719896		14.6696669813174		19.9612825523048		
0.0000000000000		0.0000000000000		0.0000000000000		0.0000000000000		0.0000000000000		-12.4597778209704		8.3985318899538		7.0699392185090		14.2654893862852		5.6573173408555		
0.0000000000000		0.0000000000000		0.0000000000000		0.0000000000000		0.0000000000000		0.0000000000000		12.7988158292489		-24.1099045026970		-0.1388291092175		23.8161252005798		
0.0000000000000		0.0000000000000		0.0000000000000		0.0000000000000		0.0000000000000		0.0000000000000		0.0000000000000		-30.8901794669901		4.0470867123892		14.8565384488989		
0.0000000000000		0.0000000000000		0.0000000000000		0.0000000000000		0.0000000000000		0.0000000000000		0.0000000000000		0.0000000000000		12.3385286600966		-2.0097431842736		
0.0000000000000		0.0000000000000		0.0000000000000		0.0000000000000		0.0000000000000		0.0000000000000		0.0000000000000		0.0000000000000		0.0000000000000		-0.5433279782462		


вектор х1(тр):
-6.0000000000000		0.9999999999999		7.0000000000000		2.0000000000000		4.0000000000000		5.0000000000000		5.0000000000001		-8.0000000000000		-7.0000000000000		-7.0000000000001		

определитель A:
-2406357410.340333938598633

обратная матрица:
-0.1164144353900		0.0535946711584		-0.0444338148617		-0.0376785251877		-0.0111558575294		0.0344798976839		-0.0746545147208		0.0334346740419		-0.0680119848780		-0.4027910210561		
0.0000000000000		0.1011820275276		0.0275305274770		-0.0116277870261		0.0047635412676		-0.0639460262935		-0.0047776277365		-0.0178550331903		0.1048759419619		-1.4774357580534		
0.0000000000000		0.0000000000000		0.1201304193560		-0.0622961169832		0.0371642893062		-0.0197170865486		0.0335163647775		-0.0497245272463		0.0591869260275		0.3888150365323		
0.0000000000000		0.0000000000000		0.0000000000000		0.1252680079960		0.0485611482855		-0.0462212978324		0.0697456377971		-0.0342835708008		0.1548053334678		0.5657056735644		
-0.0000000000000		-0.0000000000000		-0.0000000000000		-0.0000000000000		-0.0774216552275		0.1086388961346		-0.0504566855255		0.1015699801046		-0.0674395235366		-0.8981667545849		
-0.0000000000000		-0.0000000000000		-0.0000000000000		-0.0000000000000		-0.0000000000000		-0.0802582529455		0.0526651454156		-0.0594743257695		0.1128929147634		-0.5709904425099		
0.0000000000000		0.0000000000000		0.0000000000000		0.0000000000000		0.0000000000000		0.0000000000000		0.0781322282734		-0.0609825062450		0.0208816241760		1.6801109398100		
-0.0000000000000		-0.0000000000000		-0.0000000000000		-0.0000000000000		-0.0000000000000		-0.0000000000000		-0.0000000000000		-0.0323727481437		0.0106183907713		-0.9244641102341		
0.0000000000000		0.0000000000000		0.0000000000000		0.0000000000000		0.0000000000000		0.0000000000000		0.0000000000000		0.0000000000000		0.0810469406481		-0.2997886048489		
-0.0000000000000		-0.0000000000000		-0.0000000000000		-0.0000000000000		-0.0000000000000		-0.0000000000000		-0.0000000000000		-0.0000000000000		-0.0000000000000		-1.8405089375810		


A*A^-1(должна быть единичная):
1.0000000000000		0.0000000000000		0.0000000000000		0.0000000000000		0.0000000000000		0.0000000000000		-0.0000000000000		0.0000000000000		0.0000000000000		-0.0000000000000		
0.0000000000000		1.0000000000000		0.0000000000000		-0.0000000000000		-0.0000000000000		0.0000000000000		0.0000000000000		-0.0000000000000		0.0000000000000		-0.0000000000000		
0.0000000000000		0.0000000000000		1.0000000000000		0.0000000000000		0.0000000000000		0.0000000000000		0.0000000000000		0.0000000000000		-0.0000000000000		0.0000000000000		
0.0000000000000		0.0000000000000		0.0000000000000		1.0000000000000		0.0000000000000		0.0000000000000		0.0000000000000		-0.0000000000000		0.0000000000000		-0.0000000000000		
0.0000000000000		0.0000000000000		0.0000000000000		0.0000000000000		1.0000000000000		0.0000000000000		0.0000000000000		0.0000000000000		0.0000000000000		0.0000000000000		
0.0000000000000		0.0000000000000		0.0000000000000		0.0000000000000		0.0000000000000		1.0000000000000		0.0000000000000		0.0000000000000		0.0000000000000		-0.0000000000000		
0.0000000000000		0.0000000000000		0.0000000000000		0.0000000000000		0.0000000000000		0.0000000000000		1.0000000000000		0.0000000000000		0.0000000000000		0.0000000000000		
0.0000000000000		0.0000000000000		0.0000000000000		0.0000000000000		0.0000000000000		0.0000000000000		0.0000000000000		1.0000000000000		0.0000000000000		0.0000000000000		
0.0000000000000		0.0000000000000		0.0000000000000		0.0000000000000		0.0000000000000		0.0000000000000		0.0000000000000		0.0000000000000		1.0000000000000		-0.0000000000000		
0.0000000000000		0.0000000000000		0.0000000000000		0.0000000000000		0.0000000000000		0.0000000000000		0.0000000000000		0.0000000000000		0.0000000000000		1.0000000000000		


норма А:
83.366365453788092

норма A^-1:
1.840508937580989

число обусловленности:
153.436540711339944
