0.39   -1.44   1.53   -4.56   3.35   2.23   4.88   3.69   3.17   -1.42
-1.44   3.60   -3.45   -3.39   0.72   2.37   0.87   4.72   1.88   -4.48
1.53   -3.45   0.74   0.27   -1.95   4.59   -0.62   -2.54   0.59   1.59
-4.56   -3.39   0.27   1.96   -3.23   -4.04   4.78   -0.71   -3.16   -2.96
3.35   0.72   -1.95   -3.23   1.74   -1.50   -2.29   -4.39   0.87   -3.30
2.23   2.37   4.59   -4.04   -1.50   2.58   -0.99   -2.57   -1.84   -2.67
4.88   0.87   -0.62   4.78   -2.29   -0.99   1.67   3.90   1.15   -4.71
3.69   4.72   -2.54   -0.71   -4.39   -2.57   3.90   1.81   -4.29   3.48
3.17   1.88   0.59   -3.16   0.87   -1.84   1.15   -4.29   0.23   2.46
-1.42   -4.48   1.59   -2.96   -3.30   -2.67   -4.71   3.48   2.46   1.50