матрица A:
-3.3;-8.11;3.75;5.31;9.33;6.27;4.6;-1.23;-7.15;9.14;
6.29;-5.17;8.38;9.52;7.11;-3.25;-5.27;-6.29;0.29;3.31;
5.38;-2.49;3.17;4.32;-1.26;-7.34;-7.27;8.17;-2.41;-5.18;
5.16;7.15;0.27;2.35;1.3;-3.14;6.11;-3.18;-5.31;2.29;
-8.59;4.55;-4.22;-4.26;-3.18;-8.13;1.11;2.48;6.19;-1.14;
-6.16;-1.24;6.33;1.18;4.59;2.32;-8.33;9.18;-8.91;-9.68;
0.23;-1.25;8.3;-2.2;5.28;-4.99;5.32;6.22;9.11;1.25;
2.13;-4.12;9.16;7.7;-4.25;-8.24;-6.21;-4.25;-4.18;8.92;
2.11;1.62;2.17;9.22;3.81;2.25;-2.18;5.23;-7.27;-4.46;
6.18;-9.55;-3.61;7.16;1.28;8.76;-4.6;6.2;-4.26;-2.21;


вектор x:
-6
1
7
2
4
5
5
-8
-7
-7



вектор правой части f:
136.14
45.75
-94.26
49.41
-84.98
127.39
-48.44
-25.81
78.45
-35.97



домножим A слева на А транспонированную:
264.992;-78.3685;59.7287;186.648;21.0153;-1.0942;-59.1669;-44.0819;-61.7074;40.246;
-78.3685;284.428;-116.873;-189.499;-115.295;-117.917;126.442;-41.6873;98.4742;-79.5828;
59.7287;-116.873;322.823;185.897;141.941;-122.48;-106.574;17.0245;-79.0509;80.129;
186.648;-189.499;185.897;362.955;133.756;31.6339;-169.907;7.8805;-244.738;65.4717;
21.0153;-115.295;141.941;133.756;234.154;105.518;21.0753;42.3902;-96.3808;26.3767;
-1.0942;-117.917;-122.48;31.6339;105.518;359.688;31.2186;33.9447;-147.097;-44.9414;
-59.1669;126.442;-106.574;-169.907;21.0753;31.2186;302.518;-105.49;141.617;126.765;
-44.0819;-41.6873;17.0245;7.8805;42.3902;33.9447;-105.49;330.905;-52.281;-240.517;
-61.7074;98.4742;-79.0509;-244.738;-96.3808;-147.097;141.617;-52.281;374.38;31.0657;
40.246;-79.5828;80.129;65.4717;26.3767;-44.9414;126.765;-240.517;31.0657;327.479;


изменённая правая часть:
-591.283
-659.767
1435.06
1753.28
2740.21
2543.87
113.841
-428.083
-3406.91
299.741


матрица В:
0.832112;0.049651;-0.0378416;-0.118252;-0.0133144;0.00069324;0.0374857;0.0279285;0.0390952;-0.0254982;
0.049651;0.819799;0.0740461;0.120058;0.0730461;0.0747071;-0.0801084;0.0264113;-0.0623892;0.0504204;
-0.0378416;0.0740461;0.795473;-0.117777;-0.0899281;0.0775985;0.0675209;-0.010786;0.0500834;-0.0507664;
-0.118252;0.120058;-0.117777;0.770047;-0.0847424;-0.0200419;0.107646;-0.00499276;0.155056;-0.0414801;
-0.0133144;0.0730461;-0.0899281;-0.0847424;0.851649;-0.066852;-0.0133524;-0.0268567;0.0610629;-0.0167112;
0.00069324;0.0747071;0.0775985;-0.0200419;-0.066852;0.772117;-0.0197788;-0.021506;0.0931945;0.028473;
0.0374857;-0.0801084;0.0675209;0.107646;-0.0133524;-0.0197788;0.808337;0.0668344;-0.0897227;-0.0803133;
0.0279285;0.0264113;-0.010786;-0.00499276;-0.0268567;-0.021506;0.0668344;0.790352;0.0331231;0.152382;
0.0390952;-0.0623892;0.0500834;0.155056;0.0610629;0.0931945;-0.0897227;0.0331231;0.762808;-0.0196819;
-0.0254982;0.0504204;-0.0507664;-0.0414801;-0.0167112;0.028473;-0.0803133;0.152382;-0.0196819;0.792523;


вектор g:
-0.374613
-0.418001
0.909193
1.11081
1.73608
1.61169
0.0721247
-0.271215
-2.15847
0.189904
норма В:
1.54009


!!метод релаксации!!

